camera_matrix:
- [6680.664965546338, 0.0, 1219.9911356559678]
- [0.0, 6692.1056307989265, 950.7140891967997]
- [0.0, 0.0, 1.0]
dist_coeff:
- [0.48219906968420206, -25.63596761243373, 0.020296416233968845, 0.006238681935200079,
  281.75260394718237]
