camera_matrix:
- [5150.57855776523, 0.0, 957.3777491730392]
- [0.0, 5222.5175747151025, 966.6061100985264]
- [0.0, 0.0, 1.0]
dist_coeff:
- [-0.11368606532025216, -8.882201839975991, 0.03777274665792429, 0.0069547032497736016,
  131.0204498444648]
