camera_matrix:
- [4579.818966617781, 0.0, 1079.137707154694]
- [0.0, 4601.99492174, 1053.3024567893017]
- [0.0, 0.0, 1.0]
dist_coeff:
- [-0.2094436042142919, 5.415667116531417, 0.012380612486794859, 0.0159088907202249,
  -25.818395821587725]
