camera_matrix:
- [4497.9433349737865, 0.0, 1040.4517136598652]
- [0.0, 4513.126823879569, 1041.386590909725]
- [0.0, 0.0, 1.0]
dist_coeff:
- [-0.3433997252934526, 7.319286466731388, -0.0041145829917905545, -0.0022348180023227964,
  -36.3020124501439]
