camera_matrix:
- [3217.1029643510255, 0.0, 968.2845618633747]
- [0.0, 3299.7994307610293, 1040.890239032707]
- [0.0, 0.0, 1.0]
dist_coeff:
- [0.7339327282490647, -5.6522829698749675, -0.006822236163518023, 0.027847387989801266,
  17.11558195349495]
