camera_matrix:
- [3689.382943684464, 0.0, 988.4430451148288]
- [0.0, 3703.582994404806, 1034.3250135193057]
- [0.0, 0.0, 1.0]
dist_coeff:
- [-0.040016486424012225, 2.2225722407642863, -0.018542630468730916, 0.004127914274394234,
  -3.9807256704036105]
