camera_matrix:
- [5653.248650028945, 0.0, 1017.1973089792052]
- [0.0, 5671.26027394557, 1029.2351951830278]
- [0.0, 0.0, 1.0]
dist_coeff:
- [0.17697130153856724, -8.12993063334862, -0.047301981549591074, -0.03579444716224097,
  91.85019307305706]
