camera_matrix:
- [8103.805631164355, 0.0, 1058.2819287283573]
- [0.0, 8121.46831476674, 1138.5850054801138]
- [0.0, 0.0, 1.0]
dist_coeff:
- [-2.1699235625303173, 48.71883622771981, -0.010124105558459816, -0.022591929386751503,
  -478.86533430872663]
