camera_matrix:
- [3692.4898409183957, 0.0, 976.6707008088433]
- [0.0, 3704.6684800930357, 907.7702039678394]
- [0.0, 0.0, 1.0]
dist_coeff:
- [-0.047317397321791785, -0.3048356756295035, -0.014706572764909118, -0.007912451609167304,
  9.17151789031182]
